7.1361870849457265,7.956976606871082
2.75102751660552,3.6226112654252685
1.4912226059000933,2.1739593169001115
7.723357244988884,8.47795923686589
5.496820281635459,6.4215490124400265
2.491951025293142,3.3002757850638087
2.40494329049338,3.248403050828843
3.0391978721109414,3.906680476318103
2.4846148481478014,3.258389777086803
4.228681549728526,5.184139232466736
6.699004088654741,7.538810092410548
3.856815128862996,4.722374601148287
4.884513460310442,5.885775902908401
9.34326173123245,9.737877359181537
8.330160911185542,8.9502632090728
8.948825577978239,9.479539353857414
8.595425459891173,9.202158073231805
0.10406995693945653,0.3811603603543201
0.7782015049317703,1.3644093621978914
6.120020992429067,6.996750652725376
2.871742829170296,3.687195685945932
9.43381912477089,9.803290950849108
6.893020751765198,7.761260917989263
0.07074605052353355,0.31588083898587804
0.06758070013371587,0.3216379852885698
5.161739845394502,6.105830733902726
8.59376820616414,9.14627895516161
2.821487965523586,3.759908430263801
8.958477294407432,9.469272360566157
8.598830444267014,9.16183495395722
0.8019408169758346,1.4065730480163463
6.035990280297545,6.931534747053414
7.641861994360317,8.339074167151486
4.106760261408757,5.076637409969349
8.558555215187438,9.153142608880431
2.386555722917185,3.1876933955754883
7.916112177909627,8.64231717691843
4.54550287575521,5.490007096382916
3.1217067820966538,3.9742362032099887
1.3640997036246905,2.0697055712566215
2.3732814269356606,3.1898195483242997
2.3629455076619,3.125504529604113
2.8143850191430975,3.696422470811198
2.795702688095547,3.6511351569912076
4.268064887921144,5.122755250771265
2.9588238633657493,3.850807215276726
2.3823699656864417,3.2035533117956216
4.489717170041709,5.345467216037898
6.131799802407736,7.135590740127684
9.63610174349518,9.918299143850229
9.891253053052038,9.99762846966962
7.883559193342853,8.616676149479323
2.1596962752111093,2.988234374740779
6.278860428163648,7.111884709462943
1.5368815909297862,2.3090415256203567
9.07667350469425,9.548013442273797
2.01878928538501,2.787527938759302
1.1820840766513019,1.8830063781022677
8.32240117359997,8.963409217506983
4.7466738550934995,5.632893841021351
9.014800303162085,9.518409750135008
4.846020820588075,5.805744961532087
4.005816914696156,4.908381453997679
0.7325322388998057,1.3182590348923195
8.147063002399806,8.817058585872628
2.3041720989170944,3.092368069189826
5.035817679242287,5.972944012886705
2.5483491057448315,3.3877669394887544
1.7938796399149215,2.5041957213601673
8.310980953904599,8.98857405184569
8.551159220590465,9.163141538238717
6.983580936471947,7.785983539210237
3.389086775623076,4.339726629679133
6.457570828428887,7.331018681595678
8.440420037173455,9.02180576428072
4.4487488968349975,5.423453206990159
6.5754163765091445,7.439312200411221
8.113342579417564,8.750630388106275
2.760558213649622,3.6377746202216255
4.08651788338056,4.996769676488144
2.437331413589474,3.210907712539095
4.866809023335827,5.91292751085482
8.945910545697613,9.482490516725255
9.90536874078578,9.998708553955096
9.239284607820553,9.678847870053131
3.8267194237856206,4.793436878122064
7.731191876073664,8.446495148735016
2.913630874280271,3.8286816713896155
0.6588579355908575,1.2022415017324573
8.36233366965268,8.952290228833144
1.6477637665446832,2.429635048806338
5.677400252517133,6.592887110746721
8.279983589535265,8.885762273470528
4.562195390491484,5.506420679347963
3.4437822502461923,4.3418426215703665
0.4739554460450979,0.9131023902018764
5.650977535330659,6.616258699693711
9.198724045832565,9.638187597759709
6.500626717817353,7.335140076068347
1.7054991719693202,2.4722748984589504
3.6067858414291276,4.507226217416287
4.812806681138033,5.6684810538256425
8.503423941778996,9.137174185453043
5.367433328833213,6.3204338647360725
8.147465401242782,8.794469133713454
1.9985854085124455,2.816349311458106
6.642163738715121,7.485182318725991
4.951609236366776,5.8183709870793
4.43565268539591,5.389491584321382
3.7727489572158657,4.689262071897913
6.451796759427628,7.254890822570443
6.579352467971988,7.465045279566533
7.535931596480223,8.298701207525552
3.723919875986992,4.601786727304722
9.376938375606594,9.774520988554043
9.39010329120081,9.77465245212957
5.093568587725761,6.033903886315928
3.035203119312788,3.9439358859380302
1.5985650216687919,2.3345866628405343
6.964713149913502,7.724514370893045
4.251260518987143,5.2208100005691715
7.849619347949295,8.56738352749443
6.243467463031136,7.075316602544968
0.9007163364946269,1.575165855025018
9.280133366062229,9.703757797876369
9.662752734482671,9.912548437558586
3.856392888512099,4.803651877473909
4.884595922584607,5.81018402800189
6.443052606542876,7.247746836729645
1.830420004461173,2.6343005279700993
0.041707204967247336,0.2478356013974814
7.77411079097134,8.451519193327277
2.9547182910831093,3.8811456696968083
8.716827344413103,9.278519608723572
0.91470373626799,1.499358835540301
6.0266132036294895,6.977443329772397
9.48572933717867,9.82449095148465
4.928197524696882,5.84087867686331
6.476797908145473,7.392907241555617
9.000119209327151,9.499591121808448
7.557643102429017,8.290197587768864
5.280558652741201,6.233425750075545
5.301695479556896,6.227225059343988
6.943887912845197,7.716972043536119
0.8435243107134749,1.4598400106256282
7.872197022882288,8.585885896352812
0.6741674099679162,1.190298799640539
0.7038036553016891,1.2721383744943981
5.218465421198077,6.138486573435307
6.308427586495151,7.1208011277799965
0.04986572897107244,0.2747675817981854
1.3234706686770092,2.0211351306654723
6.588605592930898,7.382406287199954
2.180652209612761,3.03536061370127
0.38242489096623977,0.8279727544736648
8.643928391698035,9.183136302931478
6.70299259017928,7.572014965718763
3.305558253788403,4.2151180128691745
6.499298014842472,7.309420716703263
4.786008723736055,5.748479286865722
2.70027465641685,3.570263630411832
7.958125660184541,8.612190976988048
8.0494059041522,8.755768333169653
5.115730256720097,6.055948141271346
2.9040861674914265,3.746845186715513
3.642324466805027,4.602099935288786
8.38695825859996,9.016146468550401
5.616924324360673,6.484106990708449
0.6087384904734972,1.1687676062363384
0.2464425903602585,0.6333187178399857
9.331519340015726,9.702084677780087
4.910722320426002,5.8778971213634446
7.486047325209055,8.253634482532677
6.437978710755923,7.257000933028914
0.527520319671142,1.0385993707944419
1.8848949057602393,2.6662875580554957
7.292782136721128,8.022457846387345
1.5838297184570127,2.3377674506581325
5.796375051705285,6.6886028556873445
4.103889803033676,4.9649101091287395
2.026036452864437,2.8752170641184005
4.1198410929790885,5.073921558562882
9.498722589421389,9.810643182631429
5.818517184506211,6.739948684281023
1.8047819004453292,2.5733921330157994
5.757764137979473,6.601686038333545
1.1063734931735514,1.777238669387371
5.372723139123954,6.287689952580431
6.199275169561629,7.0184321792288085
2.318948029209613,3.1580685595478197
2.3075627727430703,3.1210991403233823
4.764790992172694,5.618674591093749
4.937645259261272,5.882227915095877
0.35688180669786185,0.7792539874430116
3.296323037359281,4.134573142387152
5.641410195811778,6.567508320037385
4.309842579811951,5.235126928507485
1.2208275408952307,1.8510562450705503
4.441968988758989,5.38939768523222
2.676904828653983,3.530286277860286
5.093381904656438,5.950914029495928
9.250949723263604,9.68319125728132
1.227936501488207,1.935222483666168
2.5791743622364205,3.4206664293668165
1.8073847479435212,2.655453599936619
0.045348283758928076,0.27332726088801884
9.858502049241933,9.989813588034542
2.7905283003822756,3.673022164265598
4.025970131061252,4.940299422334684
0.048116911201931956,0.24291297026214131
0.4607407933003227,0.9463670140037816
3.9279052761368494,4.852403036835833
6.980198143810723,7.741177940835007
0.5578847769882689,1.0753459450366254
5.333408195121612,6.245565453481907
4.245424121244428,5.108721851103892
5.92147077334185,6.8333887103552815
3.7643597258982364,4.6786622160396885
2.7009660411378444,3.5071065247003386
2.952346170334872,3.8656766020945366
7.715936141371875,8.447516850271368
4.400919084691379,5.278577288954418
3.7327157006102407,4.671792071409078
6.244010183593405,7.112860987859397
2.9605104136776017,3.783143616651179
7.5568894824250155,8.388318950966438
9.879534892502528,9.9973098495314
6.022849246100774,6.938399098365471
2.112009476855521,2.9322292601981292
5.0578127032846165,5.970735794470086
0.7741162720887207,1.3012729731710682
2.8934160585150526,3.7827954405301423
3.013521483141739,3.885076441342532
4.67919204557659,5.5361785364391825
7.571680867973436,8.365867456130038
7.9200641490920365,8.642387666915825
7.936714031323939,8.615020558995417
6.008791420850832,6.915596396280348
3.021047267284631,3.901829654697986
3.2841570809926868,4.124219440421415
1.4182814820835699,2.1431663562492798
4.2279265983040215,5.147146608573854
5.2052125473171795,6.058339480901234
3.5281288953254997,4.459682073977147
2.7652108477958226,3.627340568182147
6.56493027861262,7.356319254619903
6.27751482725075,7.190902291215329
5.781032986518122,6.698162073828415
8.029346081391564,8.681525170446465
2.1856987538489125,3.0114298904618497
0.4749426842270221,0.9404585502481577
4.121916719233285,4.97444957444233
0.7975691507242555,1.4063817217589847
3.0226758886375027,3.925277897109405
8.91161623880234,9.393083682561416
8.874435085317343,9.415746020868907
3.3711660076826444,4.306466980197348
5.581614973285474,6.464930823524719
2.3024921097716966,3.165982707441506
8.104977001327933,8.780707468573548
4.6464813995911225,5.528561422900742
2.457060831280904,3.307485487864197
3.486874615858353,4.379675540034222
0.5977969314455667,1.0724268289101513
2.7965135426266396,3.6806726788783184
4.941709161443493,5.856826020696131
1.2547572355426784,1.8842982008307008
9.245647769231491,9.69062787490981
9.477665580425105,9.82629114644415
3.8271879114487195,4.7639068170558385
3.7774709105945004,4.736289215248606
8.11577649446849,8.790690475870422
4.569584615306406,5.454173515881271
4.049131100300647,4.986743186964189
1.4869059461864342,2.1973613001453796
3.5951661640348664,4.437938670366348
1.6594067261407819,2.426499114884697
6.074486452017345,6.954850674972066
0.4183944309113041,0.8400232569725663
8.023712391018352,8.744164501750253
3.4923341622795423,4.432341785658975
8.311070648661572,8.924907700594398
4.886851596451036,5.860773950492346
8.714655868601122,9.27751006348326
1.837568215355807,2.5838253066346173
9.496242265273755,9.838461056834964
4.210068760159098,5.189988299970851
0.2438047060396098,0.6172238927633966
9.256542687031333,9.689767695495073
0.3947875665956513,0.8636629728456224
6.095266656461478,6.967675045904977
7.833820066896875,8.583616046263929
7.791327224244418,8.528451104588575
5.212628589729702,6.105946452040021
9.60551884301517,9.900478237752486
7.726227363439699,8.498100113140774
1.1367025685281096,1.8077528207915616
3.8027735077666325,4.75793278044816
5.045191123123827,5.976368711877411
7.856716320891115,8.525092927794207
