7.394638538360596,284.51873779296875
3.093886613845825,244.88629150390625
1.8274266719818115,241.9599151611328
8.075920104980469,280.9295654296875
5.864309787750244,241.9482421875
2.9479386806488037,238.34828186035156
2.795780658721924,286.0798034667969
3.344303607940674,248.44102478027344
2.713510751724243,245.96453857421875
4.712683200836182,278.9471435546875
6.997023105621338,242.099365234375
4.242980003356934,238.37583923339844
5.2787184715271,257.968017578125
9.414804458618164,222.7950439453125
8.566296577453613,220.58163452148438
9.117600440979004,270.97021484375
8.767986297607422,234.5400390625
0.3320598900318146,219.26673889160156
1.071871280670166,273.51165771484375
6.379115104675293,240.0463409423828
3.1784322261810303,233.8058624267578
9.596421241760254,268.42620849609375
7.204439163208008,230.01419067382812
0.26318371295928955,218.00852966308594
0.13233110308647156,230.85891723632812
5.416447639465332,201.1486053466797
8.64622688293457,202.4139404296875
3.2784736156463623,258.04840087890625
9.021655082702637,223.241455078125
8.74955940246582,222.27565002441406
1.051483392715454,263.6957702636719
6.208446025848389,228.94375610351562
7.781805515289307,229.30995178222656
4.52633810043335,272.28680419921875
8.741325378417969,237.9577178955078
2.843466281890869,228.48948669433594
8.212705612182617,280.79400634765625
4.854109764099121,241.0506591796875
3.55715012550354,239.35769653320312
1.6551735401153564,288.1888427734375
2.592447280883789,250.7328338623047
2.547732353210449,248.4348602294922
3.254955768585205,284.1744384765625
3.11269474029541,245.580322265625
4.500378608703613,245.9511260986328
3.3872392177581787,284.275634765625
2.649442195892334,245.27081298828125
4.6705427169799805,246.37266540527344
6.469935894012451,231.80276489257812
9.767705917358398,195.84521484375
9.923072814941406,199.58157348632812
8.17673397064209,280.226318359375
2.4280848503112793,238.02117919921875
6.650909423828125,242.64869689941406
1.9751842021942139,261.93365478515625
9.20384693145752,231.05532836914062
2.541933536529541,218.33297729492188
1.4986770153045654,261.97869873046875
8.503724098205566,229.67843627929688
5.11549186706543,223.24501037597656
9.19054889678955,274.4132385253906
5.067288875579834,233.9732666015625
4.549350738525391,233.6173553466797
0.9976799488067627,262.91241455078125
8.342216491699219,232.28750610351562
2.6004233360290527,221.45346069335938
5.292707443237305,285.4345703125
2.795837879180908,246.69764709472656
2.0411858558654785,244.21351623535156
8.621731758117676,270.6217041015625
8.767733573913574,231.96047973632812
7.468715190887451,230.4834442138672
3.8092782497406006,269.7142333984375
6.699810028076172,231.77783203125
8.633411407470703,234.4800262451172
4.831297874450684,272.0736389160156
6.808841705322266,233.7406005859375
8.338428497314453,235.97523498535156
3.238001823425293,283.729736328125
4.353884696960449,246.67840576171875
2.7020726203918457,243.21339416503906
5.299492835998535,239.05918884277344
9.173919677734375,201.68038940429688
9.930591583251953,208.2482452392578
9.36292839050293,271.0691833496094
4.103149890899658,228.58242797851562
8.050206184387207,233.8219757080078
3.262359142303467,276.5572814941406
0.8604203462600708,233.65451049804688
8.601730346679688,243.71446228027344
2.0387978553771973,267.9384765625
5.933380126953125,231.03273010253906
8.472311019897461,233.5675811767578
4.8636345863342285,285.9205017089844
3.8515541553497314,248.933837890625
0.6609036922454834,240.74900817871094
6.082143783569336,265.0182189941406
9.296557426452637,229.52236938476562
6.918961524963379,224.92543029785156
2.0918750762939453,280.684814453125
3.919466495513916,243.36911010742188
5.102958679199219,243.22079467773438
8.738127708435059,272.96832275390625
5.634679317474365,231.5859832763672
8.502937316894531,236.0557403564453
2.460312843322754,273.7164306640625
6.9413323402404785,238.2552490234375
5.316434860229492,235.26829528808594
4.839781761169434,280.37896728515625
4.020613670349121,240.85525512695312
6.741791725158691,243.31903076171875
7.024200439453125,278.33258056640625
7.857283592224121,240.76675415039062
4.197024345397949,236.14952087402344
9.522998809814453,258.05120849609375
9.471572875976562,220.71963500976562
5.74259090423584,214.9197235107422
3.5087571144104004,282.23248291015625
1.8193460702896118,241.30824279785156
7.224491119384766,246.62977600097656
4.700065612792969,272.800537109375
8.095020294189453,236.22647094726562
6.620150089263916,233.97889709472656
1.120867371559143,230.9458770751953
9.323152542114258,199.23387145996094
9.702685356140137,200.1945037841797
4.255921363830566,277.9889831542969
5.144641876220703,239.5365447998047
6.73811674118042,240.8594512939453
2.1857008934020996,278.45355224609375
0.14371073246002197,233.54019165039062
8.079258918762207,246.72994995117188
3.4133944511413574,270.433837890625
8.896738052368164,238.11497497558594
1.239561915397644,223.71530151367188
6.459500312805176,260.0931396484375
9.588722229003906,225.93194580078125
5.4562788009643555,217.8358917236328
6.906766414642334,266.4307861328125
9.121381759643555,229.56690979003906
7.966228485107422,227.54296875
5.689143657684326,277.54852294921875
5.568552017211914,238.38720703125
7.240327835083008,240.2661590576172
1.0880119800567627,268.2303466796875
8.087969779968262,238.1612548828125
0.8822927474975586,222.48109436035156
0.9488772749900818,268.089599609375
5.3478264808654785,233.352294921875
6.527758598327637,232.73976135253906
0.10283868759870529,247.6689910888672
1.5213996171951294,215.04632568359375
6.443291664123535,217.7351531982422
2.4788854122161865,274.34136962890625
0.5637369751930237,231.01988220214844
8.819413185119629,242.5614013671875
7.1031622886657715,281.3156433105469
3.5691447257995605,240.28306579589844
6.840701103210449,243.74012756347656
5.166154384613037,278.14874267578125
2.902050495147705,237.02557373046875
8.19686508178711,242.8349151611328
8.367494583129883,280.055908203125
5.453004837036133,240.58670043945312
3.367786169052124,238.07620239257812
4.091190814971924,269.540283203125
8.596109390258789,234.26087951660156
6.033368110656738,230.00637817382812
0.8256047964096069,260.85992431640625
0.4448312520980835,219.08065795898438
9.301132202148438,232.0042266845703
5.3574628829956055,274.3030090332031
7.794528007507324,236.96559143066406
6.8159871101379395,235.6454620361328
0.756649374961853,272.1484375
2.046011447906494,234.43142700195312
7.386534214019775,238.6522979736328
1.9870257377624512,276.8599853515625
6.075743675231934,241.32174682617188
4.489972114562988,238.1195526123047
2.3001813888549805,260.2904357910156
4.205183029174805,221.24468994140625
9.517155647277832,228.95989990234375
6.2168192863464355,282.68017578125
2.0394108295440674,241.42800903320312
6.057252883911133,245.47047424316406
1.4380927085876465,271.8077392578125
5.56898832321167,236.18736267089844
6.50384521484375,235.72300720214844
2.6990902423858643,283.5728759765625
2.5860042572021484,244.87667846679688
4.935428619384766,246.11451721191406
5.154305458068848,285.0960693359375
0.5010365843772888,243.07516479492188
3.5602712631225586,247.51744079589844
5.973718166351318,283.7062072753906
4.620743274688721,246.00320434570312
1.5462992191314697,240.53111267089844
4.84871244430542,282.5486145019531
2.9226746559143066,242.92947387695312
5.35823917388916,244.8708038330078
9.416009902954102,272.9804992675781
1.5471975803375244,230.37672424316406
3.169595241546631,232.64105224609375
2.199273109436035,248.8844451904297
0.27775201201438904,203.84327697753906
9.885660171508789,222.64283752441406
3.0583224296569824,284.29974365234375
4.206486225128174,250.08619689941406
0.12595850229263306,235.07044982910156
0.683685839176178,266.0330810546875
4.18465518951416,230.9974365234375
7.120440483093262,232.04869079589844
0.8210141658782959,270.7851257324219
5.543010711669922,236.98330688476562
4.5395379066467285,233.52487182617188
6.286947727203369,283.5977478027344
4.1137213706970215,244.6990203857422
3.055837631225586,242.7383575439453
3.421964645385742,273.32684326171875
7.9603142738342285,238.10769653320312
4.7689313888549805,233.15586853027344
4.180912017822266,280.22406005859375
6.526661396026611,243.69354248046875
3.31992244720459,239.0310516357422
7.863759517669678,246.13780212402344
9.925850868225098,212.88351440429688
6.561920166015625,202.7958221435547
2.468998908996582,282.8748779296875
5.372124195098877,248.1585693359375
1.0301425457000732,238.79183959960938
3.3312008380889893,283.2789306640625
3.2904279232025146,244.68341064453125
4.890523910522461,245.35743713378906
7.860680103302002,271.3991394042969
8.138291358947754,232.36019897460938
8.287630081176758,233.37779235839844
6.3369245529174805,284.23223876953125
3.3232836723327637,244.56954956054688
3.626290798187256,244.2636260986328
1.7390549182891846,276.62237548828125
4.460244655609131,240.20315551757812
5.447909832000732,239.73985290527344
3.988638401031494,281.8701171875
3.0870819091796875,241.9666290283203
6.8686933517456055,245.25575256347656
6.593199253082275,274.9256591796875
5.989922523498535,235.09881591796875
8.277358055114746,238.3654022216797
2.5311737060546875,288.10791015625
0.6396394968032837,246.96389770507812
4.368534564971924,251.2116241455078
1.0357059240341187,263.41729736328125
3.1631317138671875,225.66653442382812
8.899316787719727,231.6410369873047
9.076951026916504,276.2906494140625
3.750265121459961,234.56478881835938
6.089373588562012,237.41213989257812
2.73337984085083,268.6523132324219
8.360559463500977,234.528564453125
5.071819305419922,228.9679412841797
2.7892518043518066,287.2425231933594
3.852445125579834,251.2278289794922
0.7852424383163452,242.8506317138672
3.195251941680908,283.6119384765625
5.162692546844482,247.71429443359375
1.5394395589828491,240.72581481933594
9.39466667175293,258.4167785644531
9.563993453979492,221.865478515625
4.510863780975342,213.75079345703125
4.21945858001709,271.78765869140625
8.353194236755371,236.49905395507812
4.990749835968018,231.33212280273438
4.410085201263428,286.8548583984375
1.728759765625,246.69581604003906
3.860515594482422,248.29795837402344
1.9464006423950195,280.2579650878906
6.456989288330078,247.35585021972656
0.6108624935150146,233.87022399902344
8.309490203857422,274.77337646484375
3.781867265701294,232.53952026367188
8.62908935546875,238.84600830078125
5.270630836486816,272.05426025390625
8.875683784484863,237.72457885742188
2.250579833984375,226.94573974609375
9.630075454711914,265.9157409667969
4.5752763748168945,226.29547119140625
0.5161122679710388,219.07029724121094
9.418534278869629,272.09698486328125
0.6310948133468628,226.87583923339844
6.615903854370117,235.56661987304688
8.129829406738281,275.52923583984375
8.114405632019043,237.11331176757812
5.690645694732666,234.32627868652344
9.735185623168945,262.37744140625
7.935344696044922,223.62252807617188
1.691521406173706,216.23992919921875
4.14473819732666,274.62542724609375
5.235896587371826,235.77352905273438
8.080164909362793,238.87083435058594
